1,0.923,0.841,0.756,0.7,0.619,0.633,0.52
0.923,1,0.851,0.807,0.775,0.695,0.697,0.596
0.841,0.851,1,0.87,0.835,0.779,0.787,0.705
0.756,0.807,0.87,1,0.918,0.864,0.869,0.806
0.7,0.775,0.835,0.918,1,0.928,0.935,0.866
0.619,0.695,0.779,0.864,0.928,1,0.975,0.932
0.633,0.697,0.787,0.869,0.935,0.975,1,0.943
0.52,0.596,0.705,0.806,0.866,0.932,0.943,1
